   1.2904321e+01   1.4230950e+01  -1.1302564e+01
   1.3079819e+01   1.4706229e+01  -1.0285407e+01
   1.3255318e+01   1.5185319e+01  -9.2713425e+00
   1.3430817e+01   1.5668135e+01  -8.2602964e+00
   1.3606316e+01   1.6154597e+01  -7.2522022e+00
   1.3781814e+01   1.6644633e+01  -6.2469988e+00
   1.3957313e+01   1.7138174e+01  -5.2446309e+00
   1.4132812e+01   1.7635158e+01  -4.2450475e+00
   1.4308311e+01   1.8135526e+01  -3.2482021e+00
   1.4483809e+01   1.8639223e+01  -2.2540519e+00
   1.4659308e+01   1.9146200e+01  -1.2625575e+00
   1.4834807e+01   1.9656409e+01  -2.7368258e-01
   1.5010306e+01   2.0169804e+01   7.1260633e-01
   1.5185804e+01   2.0686346e+01   1.6963401e+00
   1.5361303e+01   2.1205994e+01   2.6775473e+00
   1.5536802e+01   2.1728713e+01   3.6562542e+00
   1.5712301e+01   2.2254469e+01   4.6324850e+00
   1.5887799e+01   2.2783228e+01   5.6062622e+00
   1.6063298e+01   2.3314962e+01   6.5776063e+00
   1.6238797e+01   2.3849642e+01   7.5465362e+00
   1.6414296e+01   2.4387242e+01   8.5130693e+00
   1.6589794e+01   2.4927738e+01   9.4772214e+00
   1.6765293e+01   2.5471106e+01   1.0439007e+01
   1.6940792e+01   2.6017326e+01   1.1398439e+01
   1.7116291e+01   2.6566376e+01   1.2355530e+01
   1.7291789e+01   2.7118240e+01   1.3310289e+01
   1.7467288e+01   2.7672900e+01   1.4262727e+01
   1.7642787e+01   2.8230339e+01   1.5212851e+01
   1.7818286e+01   2.8790545e+01   1.6160668e+01
   1.7993785e+01   2.9353504e+01   1.7106185e+01
   1.8169283e+01   2.9919203e+01   1.8049406e+01
   1.8344782e+01   3.0487633e+01   1.8990336e+01
   1.8520281e+01   3.1058784e+01   1.9928976e+01
   1.8695780e+01   3.1632648e+01   2.0865329e+01
   1.8871278e+01   3.2209217e+01   2.1799396e+01
   1.9046777e+01   3.2788487e+01   2.2731176e+01
   1.9222276e+01   3.3370451e+01   2.3660668e+01
   1.9397775e+01   3.3955108e+01   2.4587869e+01
   1.9573273e+01   3.4542453e+01   2.5512776e+01
   1.9748772e+01   3.5132487e+01   2.6435385e+01
   1.9924271e+01   3.5725210e+01   2.7355691e+01
   2.0099770e+01   3.6320622e+01   2.8273686e+01
   2.0275268e+01   3.6918726e+01   2.9189362e+01
   2.0450767e+01   3.7519526e+01   3.0102712e+01
   2.0626266e+01   3.8123026e+01   3.1013725e+01
   2.0801765e+01   3.8729235e+01   3.1922389e+01
   2.0977263e+01   3.9338158e+01   3.2828693e+01
   2.1152762e+01   3.9949806e+01   3.3732621e+01
   2.1328261e+01   4.0564190e+01   3.4634159e+01
   2.1503760e+01   4.1181321e+01   3.5533290e+01
   2.1679258e+01   4.1801213e+01   3.6429996e+01
   2.1854757e+01   4.2423883e+01   3.7324256e+01
   2.2030256e+01   4.3049349e+01   3.8216049e+01
   2.2205755e+01   4.3677628e+01   3.9105351e+01
   2.2381253e+01   4.4308745e+01   3.9992136e+01
   2.2556752e+01   4.4942721e+01   4.0876376e+01
   2.2732251e+01   4.5579584e+01   4.1758042e+01
   2.2907750e+01   4.6219363e+01   4.2637100e+01
   2.3083249e+01   4.6862089e+01   4.3513515e+01
   2.3258747e+01   4.7507798e+01   4.4387249e+01
   2.3434246e+01   4.8156528e+01   4.5258258e+01
   2.3609745e+01   4.8808320e+01   4.6126499e+01
   2.3785244e+01   4.9463221e+01   4.6991921e+01
   2.3960742e+01   5.0121283e+01   4.7854470e+01
   2.4136241e+01   5.0782560e+01   4.8714087e+01
   2.4311740e+01   5.1447115e+01   4.9570706e+01
   2.4487239e+01   5.2115016e+01   5.0424257e+01
   2.4662737e+01   5.2786340e+01   5.1274660e+01
   2.4838236e+01   5.3461169e+01   5.2121828e+01
   2.5013735e+01   5.4139599e+01   5.2965663e+01
   2.5189234e+01   5.4821736e+01   5.3806058e+01
   2.5364732e+01   5.5507696e+01   5.4642890e+01
   2.5540231e+01   5.6197616e+01   5.5476023e+01
   2.5715730e+01   5.6891646e+01   5.6305302e+01
   2.5891229e+01   5.7589958e+01   5.7130554e+01
   2.6066727e+01   5.8292745e+01   5.7951581e+01
   2.6242226e+01   5.9000223e+01   5.8768167e+01
   2.6417725e+01   5.9712621e+01   5.9580079e+01
   2.6593224e+01   6.0430163e+01   6.0387090e+01
   2.6768722e+01   6.1153013e+01   6.1189035e+01
   2.6944221e+01   6.1881168e+01   6.1985912e+01
   2.7119720e+01   6.2614336e+01   6.2778015e+01
   2.7295219e+01   6.3351889e+01   6.3565964e+01
   2.7470718e+01   6.4093034e+01   6.4350555e+01
   2.7646216e+01   6.4837020e+01   6.5132532e+01
   2.7821715e+01   6.5583252e+01   6.5912492e+01
   2.7997214e+01   6.6331285e+01   6.6690875e+01
   2.8172713e+01   6.7080797e+01   6.7468001e+01
   2.8348211e+01   6.7831549e+01   6.8244109e+01
   2.8523710e+01   6.8583361e+01   6.9019374e+01
   2.8699209e+01   6.9336094e+01   6.9793935e+01
   2.8874708e+01   7.0089640e+01   7.0567897e+01
   2.9050206e+01   7.0843912e+01   7.1341346e+01
   2.9225705e+01   7.1598838e+01   7.2114350e+01
   2.9401204e+01   7.2354361e+01   7.2886966e+01
   2.9576703e+01   7.3110430e+01   7.3659242e+01
   2.9752201e+01   7.3867005e+01   7.4431217e+01
   2.9927700e+01   7.4624048e+01   7.5202926e+01
   3.0103199e+01   7.5381530e+01   7.5974398e+01
   3.0278698e+01   7.6139423e+01   7.6745657e+01
   3.0454196e+01   7.6897703e+01   7.7516727e+01
   3.0629695e+01   7.7656349e+01   7.8287626e+01
   3.0805194e+01   7.8415342e+01   7.9058372e+01
   3.0980693e+01   7.9174665e+01   7.9828980e+01
   3.1156191e+01   7.9934303e+01   8.0599464e+01
   3.1331690e+01   8.0694242e+01   8.1369835e+01
   3.1507189e+01   8.1454468e+01   8.2140106e+01
   3.1682688e+01   8.2214972e+01   8.2910286e+01
   3.1858186e+01   8.2975741e+01   8.3680384e+01
   3.2033685e+01   8.3736766e+01   8.4450408e+01
   3.2209184e+01   8.4498039e+01   8.5220366e+01
   3.2384683e+01   8.5259550e+01   8.5990265e+01
   3.2560182e+01   8.6021292e+01   8.6760111e+01
   3.2735680e+01   8.6783257e+01   8.7529909e+01
   3.2911179e+01   8.7545440e+01   8.8299666e+01
   3.3086678e+01   8.8307832e+01   8.9069386e+01
   3.3262177e+01   8.9070430e+01   8.9839073e+01
   3.3437675e+01   8.9833226e+01   9.0608733e+01
   3.3613174e+01   9.0596215e+01   9.1378369e+01
   3.3788673e+01   9.1359393e+01   9.2147984e+01
   3.3964172e+01   9.2122755e+01   9.2917582e+01
   3.4139670e+01   9.2886296e+01   9.3687166e+01
   3.4315169e+01   9.3650013e+01   9.4456739e+01
   3.4490668e+01   9.4413900e+01   9.5226304e+01
   3.4666167e+01   9.5177954e+01   9.5995864e+01
